,Hartsfield-Jackson Atlanta International Airport,Dallas/Fort Worth International Airport,Denver International Airport,O'Hare International Airport,Los Angeles International Airport,John F. Kennedy International Airport,Harry Reid International Airport,Orlando International Airport,Miami International Airport,Charlotte Douglas International Airport,Seattle-Tacoma International Airport,Phoenix Sky Harbor International Airport,Newark Liberty International Airport,San Francisco International Airport,George Bush Intercontinental Airport,Logan International Airport,Fort Lauderdale-Hollywood International Airport,Minneapolis-Saint Paul International Airport,LaGuardia Airport,Detroit Metropolitan Airport,Philadelphia International Airport,Salt Lake City International Airport,Ronald Reagan Washington National Airport,San Diego International Airport,Baltimore/Washington International Airport,Tampa International Airport,Austin-Bergstrom International Airport,Washington Dulles International Airport,Nashville International Airport,Paris Charles de Gaulle Airport
Hartsfield-Jackson Atlanta International Airport,-1,1176.3608058617876,1928.822399062748,977.7297073095807,3129.251789230786,1223.850160780651,2807.5085869426703,651.8755195420138,960.3894040025408,364.6695318857891,3508.803682676517,2551.6392425095214,1200.6606568736054,3438.9017022037688,1108.2951295270882,1523.1615618273804,937.421828020273,1461.2359067334896,1226.2546071689883,959.4391592734664,1072.826819999789,2556.978757134749,880.974915632673,3041.8808864404136,928.8436259934183,655.5861055465984,1307.0056925632107,860.5109472095155,344.7906906798478,7063.268322839994
Dallas/Fort Worth International Airport,1176.3608058617876,-1,1032.9096799060549,1292.6426003476756,1984.970342143723,2238.169514003848,1695.9444661735554,1584.7232653276358,1805.4497384753297,1505.0396783127615,2670.92583330529,1394.706790947073,2207.5134797489945,2354.5967287173407,361.0922409783824,2512.4561581955695,1801.4607224180986,1375.0997319973678,2234.434515665799,1588.988848724336,2095.7371371406402,1591.4957895464424,1917.5416594934804,1882.880611247715,1957.7052343080838,1495.016387115669,306.1037186555633,1885.2676370532415,1015.9772525830078,7952.894560465194
Denver International Airport,1928.822399062748,1032.9096799060549,-1,1427.7391909649689,1386.1700660900487,2612.9869477645434,1009.5273958502144,2489.339501358944,2752.4404355886204,2150.330682439412,1646.998893860566,968.7640172754103,2579.003632238512,1554.5734028112036,1387.9578230685693,2818.9696086137687,2742.1279134813035,1094.9426423659584,2603.0404466669916,1804.8488780327302,2503.3542996448055,628.7348588856445,2372.0133383734797,1373.0907234936665,2396.5522873467385,2425.3436642303923,1249.9090520441305,2334.264046366618,1629.6073646987622,7841.317619920603
O'Hare International Airport,977.7297073095807,1292.6426003476756,1427.7391909649689,-1,2804.9658312893193,1189.3455662433762,2433.645834007288,1622.651490002096,1932.6772042873886,965.6760078972753,2764.4273103642436,2315.5323823334197,1155.3560054987809,2967.3027535233286,1491.4479223032981,1392.5744749179564,1907.7427056041631,536.8407068186253,1178.6199408908458,377.2167919984782,1089.664636961525,2008.672268341802,983.9429637644561,2771.7353687994528,999.3742506236279,1633.2932790956763,1576.028511943712,946.2691539979811,660.4659647864701,6671.031779391582
Los Angeles International Airport,3129.251789230786,1984.970342143723,1386.1700660900487,2804.9658312893193,-1,3978.583010531021,380.8848174926924,3566.433650923503,3767.8841751463374,3415.9043255678816,1538.3988029383204,595.2977906611535,3944.79106774856,544.0051633460762,2217.362797640405,4197.373280514664,3767.675084428394,2470.811849018974,3969.6899310688327,3181.708910260118,3860.448438659964,949.8503700403774,3714.8912260996494,-1,3744.123620236432,3470.640128062103,1996.9640913259243,3677.885130051912,2889.6255714534072,9111.469102872596
John F. Kennedy International Airport,1223.850160780651,2238.169514003848,2612.9869477645434,1189.3455662433762,3978.583010531021,-1,3612.7695411296168,1524.0764907680611,1759.0164478119402,872.1352140495271,3890.6657629332617,3461.732658522712,-1,4156.63727984208,2280.0428215983566,300.016097404474,1725.4555552438883,1652.234595691325,-1,817.3712635034466,-1,3197.6233812316254,343.0814544334883,3933.244887551419,295.79095818108857,1621.4716735652898,2448.024858219406,366.67925252761574,1231.253535105565,5839.434767016725
Harry Reid International Airport,2807.5085869426703,1695.9444661735554,1009.5273958502144,2433.645834007288,380.8848174926924,3612.7695411296168,-1,3279.5228421958177,3498.6630905778375,3079.129026015526,1396.420460755568,411.3451884352283,3578.879893253477,666.3184266738285,1964.3111289067676,3826.121124818567,3495.8319523098835,2090.388610702076,3603.461617299384,2810.7983984310085,3497.664986023363,591.754321664953,3356.702154065819,417.9118862021366,3384.447809734648,3190.9272986391697,1753.089063063366,3319.3981533378865,2551.336495202037,8745.056174081537
Orlando International Airport,651.8755195420138,1584.7232653276358,2489.339501358944,1622.651490002096,3566.433650923503,1524.0764907680611,3279.5228421958177,-1,310.0310132388414,756.6110332009054,4109.480233937167,2972.8634310899824,1513.3784107009767,3934.081281607547,1373.5625681246513,1808.4505895014233,285.7207041584516,2113.0951551655326,1533.138659748001,1545.9692854136983,1390.6902749470596,3107.4920256240957,1225.8897733636352,3456.317832253168,1271.1982648606727,-1,1598.4434756579456,1224.7019849741607,994.4937019155925,7246.8554497717705
Miami International Airport,960.3894040025408,1805.4497384753297,2752.4404355886204,1932.6772042873886,3767.8841751463374,1759.0164478119402,3498.6630905778375,310.0310132388414,-1,1050.5134046289058,4384.959674833575,3172.5880638931635,1752.3870659034367,4159.667248781909,1552.3436931543754,2029.8974667981624,-1,2420.970042975008,1769.7500637646392,1849.17529289507,1635.6375613065745,3362.5012615483906,1484.7103356252903,3648.454570956243,1527.4571150496452,330.0184872880272,1775.704751493295,1488.2514823349911,1301.1755049495148,7378.618576832312
Charlotte Douglas International Airport,364.6695318857891,1505.0396783127615,2150.330682439412,965.6760078972753,3415.9043255678816,872.1352140495271,3079.129026015526,756.6110332009054,1050.5134046289058,-1,3664.0166547140443,2850.8582643212785,851.5200853294488,3691.006558364404,1467.6450036441204,1172.1177860842542,1020.3425157599507,1497.0831100112832,876.1206620034972,806.4920589574479,722.5322274869586,2776.815862230546,533.3097260782862,3339.4957748838597,581.8274720369769,819.4651774338315,1660.0824626045282,518.7557850602727,527.8574158365001,6708.48876481217
Seattle-Tacoma International Airport,3508.803682676517,2670.92583330529,1646.998893860566,2764.4273103642436,1538.3988029383204,3890.6657629332617,1396.420460755568,4109.480233937167,4384.959674833575,3664.0166547140443,-1,1783.7258002610993,3858.2660233215556,1094.1008194153922,3015.997360353609,4009.585732476924,4372.480926792146,2247.852982303732,3876.77399232375,3096.480865023256,3821.6543572163764,1107.5320426400863,3742.1622750224606,1694.0698716662707,3752.1883118776614,4055.564188684322,2850.630044828765,3705.1067515114287,3179.880230797259,8056.775443302172
Phoenix Sky Harbor International Airport,2551.6392425095214,1394.706790947073,968.7640172754103,2315.5323823334197,595.2977906611535,3461.732658522712,411.3451884352283,2972.8634310899824,3172.5880638931635,2850.8582643212785,1783.7258002610993,-1,3428.3823387486814,1047.7591183855784,1622.3111590022108,3697.3412165484233,3172.424564860169,2054.5607398106736,3454.0708196676687,2686.874837572403,3336.1387910892104,818.4417818495032,3180.858041694402,490.25417839050715,3213.126836310325,2876.027679359645,1402.585508637201,3144.6546059471852,2328.745244101548,8808.726610489166
Newark Liberty International Airport,1200.6606568736054,2207.5134797489945,2579.003632238512,1155.3560054987809,3944.79106774856,-1,3578.879893253477,1513.3784107009767,1752.3870659034367,851.5200853294488,3858.2660233215556,3428.3823387486814,-1,4122.644094030439,2252.1851299931204,322.58453518228157,1718.880355030289,1619.0970077995296,-1,783.5174934625987,-1,3163.660898127597,319.82257945889734,3899.662566213536,271.8172860467144,1608.9901706086644,2418.9496948415067,341.30231377903857,1201.9800942111629,5862.773599469886
San Francisco International Airport,3438.9017022037688,2354.5967287173407,1554.5734028112036,2967.3027535233286,544.0051633460762,4156.63727984208,666.3184266738285,3934.081281607547,4159.667248781909,3691.006558364404,1094.1008194153922,1047.7591183855784,4122.644094030439,-1,2630.142484995903,4346.068531556661,4156.023742447517,2555.3061637337514,4145.907610829959,3341.520228189006,4052.4217065637795,962.7172422175773,3925.536776864933,719.6769391376284,3949.1001219061004,3848.7753353151948,2419.406918007395,3887.7170719972046,3164.535646314213,8971.089859767784
George Bush Intercontinental Airport,1108.2951295270882,361.0922409783824,1387.9578230685693,1491.4479223032981,2217.362797640405,2280.0428215983566,1964.3111289067676,1373.5625681246513,1552.3436931543754,1467.6450036441204,3015.997360353609,1622.3111590022108,2252.1851299931204,2630.142484995903,-1,2569.650684661438,1553.640469952566,1668.2339663712628,2278.9936372703396,1732.1538786770034,2131.1707528708334,1924.2877755560887,1943.0261439422238,2096.1130338497373,1987.5630828257774,1266.8327177580118,-1,1915.1326664938645,1057.077168904018,8079.067508739771
Logan International Airport,1523.1615618273804,2512.4561581955695,2818.9696086137687,1392.5744749179564,4197.373280514664,300.016097404474,3826.121124818567,1808.4505895014233,2029.8974667981624,1172.1177860842542,4009.585732476924,3697.3412165484233,322.58453518228157,4346.068531556661,2569.650684661438,-1,1996.246445643351,1805.1762474489212,296.91450973845866,1015.6643782720598,450.5163867477221,3383.5716179702363,642.2005105451309,4161.050030894401,594.3487520152227,1910.1958077423096,2732.158492765339,663.7256262636312,1515.694291907626,5540.19959813813
Fort Lauderdale-Hollywood International Airport,937.421828020273,1801.4607224180986,2742.1279134813035,1907.7427056041631,3767.675084428394,1725.4555552438883,3495.8319523098835,285.7207041584516,-1,1020.3425157599507,4372.480926792146,3172.424564860169,1718.880355030289,4156.023742447517,1553.640469952566,1996.246445643351,-1,2398.5271631750493,1736.2084266859151,1820.2671985657107,1602.2528898220087,3353.830893227951,1451.7557485115415,3649.4886161820664,1494.400176981051,317.07428967861307,1777.5205680407605,1455.484574307298,1279.3136974129498,7347.58740321275
Minneapolis-Saint Paul International Airport,1461.2359067334896,1375.0997319973678,1094.9426423659584,536.8407068186253,2470.811849018974,1652.234595691325,2090.388610702076,2113.0951551655326,2420.970042975008,1497.0831100112832,2247.852982303732,2054.5607398106736,1619.0970077995296,2555.3061637337514,1668.2339663712628,1805.1762474489212,2398.5271631750493,-1,1639.1896851925637,848.6685226187276,1575.3509611355496,1594.660853230009,1495.862264215065,2467.121433042938,1504.645936434744,2107.033506233591,1681.1174679748733,1459.1483059679526,1120.2456498656295,6780.663031293193
LaGuardia Airport,1226.2546071689883,2234.434515665799,2603.0404466669916,1178.6199408908458,3969.6899310688327,-1,3603.461617299384,1533.138659748001,1769.7500637646392,876.1206620034972,3876.77399232375,3454.0708196676687,-1,4145.907610829959,2278.9936372703396,296.91450973845866,1736.2084266859151,1639.1896851925637,-1,805.872972329787,-1,3186.588837422999,345.2865375336604,3925.0111858201,297.4956126543951,1629.7451003100234,2445.889957558184,367.46381995262925,1228.9283202288689,5837.065606558991
Detroit Metropolitan Airport,959.4391592734664,1588.988848724336,1804.8488780327302,377.2167919984782,3181.708910260118,817.3712635034466,2810.7983984310085,1545.9692854136983,1849.17529289507,806.4920589574479,3096.480865023256,2686.874837572403,783.5174934625987,3341.520228189006,1732.1538786770034,1015.6643782720598,1820.2671985657107,848.6685226187276,805.872972329787,-1,728.5716624382078,2381.2493826595323,651.8476276958118,3146.6600237914417,657.3145118452981,1586.5189713320183,1850.4451024918053,616.2409838015209,735.8978322256082,6365.363411455958
Philadelphia International Airport,1072.826819999789,2095.7371371406402,2503.3542996448055,1089.664636961525,3860.448438659964,-1,3497.664986023363,1390.6902749470596,1635.6375613065745,722.5322274869586,3821.6543572163764,3336.1387910892104,-1,4052.4217065637795,2131.1707528708334,450.5163867477221,1602.2528898220087,1575.3509611355496,-1,728.5716624382078,-1,3096.6647587300713,-1,3810.8787668688933,-1,1484.1338423423283,2301.20963497229,-1,1085.3467144477372,5990.4415207833545
Salt Lake City International Airport,2556.978757134749,1591.4957895464424,628.7348588856445,2008.672268341802,949.8503700403774,3197.6233812316254,591.754321664953,3107.4920256240957,3362.5012615483906,2776.815862230546,1107.5320426400863,818.4417818495032,3163.660898127597,962.7172422175773,1924.2877755560887,3383.5716179702363,3353.830893227951,1594.660853230009,3186.588837422999,2381.2493826595323,3096.6647587300713,-1,2975.836348972381,1009.6538197286184,2997.407172377342,3038.1661418966023,1749.1273487793615,2937.9076397278836,2257.7980696442214,8161.625048891577
Ronald Reagan Washington National Airport,880.974915632673,1917.5416594934804,2372.0133383734797,983.9429637644561,3714.8912260996494,343.0814544334883,3356.702154065819,1225.8897733636352,1484.7103356252903,533.3097260782862,3742.1622750224606,3180.858041694402,319.82257945889734,3925.536776864933,1943.0261439422238,642.2005105451309,1451.7557485115415,1495.862264215065,345.2865375336604,651.8476276958118,-1,2975.836348972381,-1,3659.5703948287796,-1,1312.9045821918637,2116.187179701247,-1,903.2520961045576,6182.314067640812
San Diego International Airport,3041.8808864404136,1882.880611247715,1373.0907234936665,2771.7353687994528,-1,3933.244887551419,417.9118862021366,3456.317832253168,3648.454570956243,3339.4957748838597,1694.0698716662707,490.25417839050715,3899.662566213536,719.6769391376284,2096.1130338497373,4161.050030894401,3649.4886161820664,2467.121433042938,3925.0111858201,3146.6600237914417,3810.8787668688933,1009.6538197286184,3659.5703948287796,-1,3690.618109004494,3357.016990647371,1873.288826506664,3623.01169105109,2816.1355488327235,9157.94868078793
Baltimore/Washington International Airport,928.8436259934183,1957.7052343080838,2396.5522873467385,999.3742506236279,3744.123620236432,295.79095818108857,3384.447809734648,1271.1982648606727,1527.4571150496452,581.8274720369769,3752.1883118776614,3213.126836310325,271.8172860467144,3949.1001219061004,1987.5630828257774,594.3487520152227,1494.400176981051,1504.645936434744,297.4956126543951,657.3145118452981,-1,2997.407172377342,-1,3690.618109004494,-1,1359.3790719724373,2159.227861518673,-1,944.7663374076644,6134.543871503948
Tampa International Airport,655.5861055465984,1495.016387115669,2425.3436642303923,1633.2932790956763,3470.640128062103,1621.4716735652898,3190.9272986391697,-1,330.0184872880272,819.4651774338315,4055.564188684322,2876.027679359645,1608.9901706086644,3848.7753353151948,1266.8327177580118,1910.1958077423096,317.07428967861307,2107.033506233591,1629.7451003100234,1586.5189713320183,1484.1338423423283,3038.1661418966023,1312.9045821918637,3357.016990647371,1359.3790719724373,-1,1491.883186078818,1308.7895349730256,987.519468259502,7367.334000629544
Austin-Bergstrom International Airport,1307.0056925632107,306.1037186555633,1249.9090520441305,1576.028511943712,1996.9640913259243,2448.024858219406,1753.089063063366,1598.4434756579456,1775.704751493295,1660.0824626045282,2850.630044828765,1402.585508637201,2418.9496948415067,2419.406918007395,-1,2732.158492765339,1777.5205680407605,1681.1174679748733,2445.889957558184,1850.4451024918053,2301.20963497229,1749.1273487793615,2116.187179701247,1873.288826506664,2159.227861518673,1491.883186078818,-1,2086.4870380634375,1217.039497547605,8213.949481294152
Washington Dulles International Airport,860.5109472095155,1885.2676370532415,2334.264046366618,946.2691539979811,3677.885130051912,366.67925252761574,3319.3981533378865,1224.7019849741607,1488.2514823349911,518.7557850602727,3705.1067515114287,3144.6546059471852,341.30231377903857,3887.7170719972046,1915.1326664938645,663.7256262636312,1455.484574307298,1459.1483059679526,367.46381995262925,616.2409838015209,-1,2937.9076397278836,-1,3623.01169105109,-1,1308.7895349730256,2086.4870380634375,-1,872.0534283306887,6203.6323192566315
Nashville International Airport,344.7906906798478,1015.9772525830078,1629.6073646987622,660.4659647864701,2889.6255714534072,1231.253535105565,2551.336495202037,994.4937019155925,1301.1755049495148,527.8574158365001,3179.880230797259,2328.745244101548,1201.9800942111629,3164.535646314213,1057.077168904018,1515.694291907626,1279.3136974129498,1120.2456498656295,1228.9283202288689,735.8978322256082,1085.3467144477372,2257.7980696442214,903.2520961045576,2816.1355488327235,944.7663374076644,987.519468259502,1217.039497547605,872.0534283306887,-1,7025.651456332669
Paris Charles de Gaulle Airport,7063.268322839994,7952.894560465194,7841.317619920603,6671.031779391582,9111.469102872596,5839.434767016725,8745.056174081537,7246.8554497717705,7378.618576832312,6708.48876481217,8056.775443302172,8808.726610489166,5862.773599469886,8971.089859767784,8079.067508739771,5540.19959813813,7347.58740321275,6780.663031293193,5837.065606558991,6365.363411455958,5990.4415207833545,8161.625048891577,6182.314067640812,9157.94868078793,6134.543871503948,7367.334000629544,8213.949481294152,6203.6323192566315,7025.651456332669,-1
