,Hartsfield-Jackson Atlanta International Airport,Dallas/Fort Worth International Airport,Denver International Airport,O'Hare International Airport,Los Angeles International Airport,John F. Kennedy International Airport,Harry Reid International Airport,Orlando International Airport,Miami International Airport,Charlotte Douglas International Airport,Seattle-Tacoma International Airport,Phoenix Sky Harbor International Airport,Newark Liberty International Airport,San Francisco International Airport,George Bush Intercontinental Airport,Logan International Airport,Fort Lauderdale-Hollywood International Airport,Minneapolis-Saint Paul International Airport,LaGuardia Airport,Detroit Metropolitan Airport,Philadelphia International Airport,Salt Lake City International Airport,Ronald Reagan Washington National Airport,San Diego International Airport,Baltimore/Washington International Airport,Tampa International Airport,Austin-Bergstrom International Airport,Washington Dulles International Airport,Nashville International Airport,Midway International Airport
Hartsfield-Jackson Atlanta International Airport,0.0,1176.360805123707,1928.822395152849,977.7297071262102,3129.2517931381835,1223.850160703693,2807.508586636287,651.875519662792,960.3894045902362,364.66953205139356,3508.803684413705,2551.6392461065325,1200.6606569620972,3438.901698186316,1108.2951289841712,1523.1615617564687,937.421828820098,1461.2359061412055,1226.2546071796057,959.4391589171391,1072.8268200866942,2556.978760286531,880.9749155397081,3041.880886370791,928.8436258445294,655.586106303448,1307.005692036172,860.510947550226,344.79069002757285,953.1243200625021
Dallas/Fort Worth International Airport,1176.360805123707,0.0,1032.909677808317,1292.6426002235496,1984.9703469099923,2238.169513651717,1695.9444667834716,1584.7232650074832,1805.4497385079385,1505.0396777135313,2670.925835634459,1394.7067953383987,2207.5134793678967,2354.5967255591568,361.09224130782565,2512.4561578102043,1801.4607221694805,1375.099731840945,2234.4345153577156,1588.9888485396516,2095.737136664705,1591.495793064895,1917.541659190587,1882.8806119657384,1957.705233853848,1495.016386827467,306.1037184460845,1885.2676367933439,1015.9772524116147,1285.357556332431
Denver International Airport,1928.822395152849,1032.909677808317,0.0,1427.7391873389197,1386.1700731171168,2612.9869442839017,1009.527399133575,2489.339498040548,2752.440432802921,2150.330678408709,1646.9988987386816,968.7640227390814,2579.0036285061824,1554.573402914348,1387.9578214274168,2818.9696050898106,2742.1279105400363,1094.9426392994617,2603.0404431670454,1804.8488746570035,2503.3542957344025,628.7348660165383,2372.0133349692464,1373.0907269463846,2396.5522837173044,2425.3436612524065,1249.9090501305068,2334.2640425825944,1629.6073613823132,1439.4177529805538
O'Hare International Airport,977.7297071262102,1292.6426002235496,1427.7391873389197,0.0,2804.9658350575805,1189.3455664625142,2433.645833819637,1622.6514898509868,1932.677204623789,965.676007502377,2764.427312421379,2315.5323858440966,1155.3560054353645,2967.3027499825844,1491.4479225446073,1392.57447497703,1907.742706208627,536.8407064785558,1178.6199410750037,377.2167922368103,1089.6646367334138,2008.6722718234705,983.942964199952,2771.7353690378186,999.3742507942595,1633.293279670515,1576.0285117526616,946.2691538676612,660.4659651096714,25.154012217421386
Los Angeles International Airport,3129.2517931381835,1984.9703469099923,1386.1700731171168,2804.9658350575805,0.0,3978.583014562076,380.88482106228463,3566.4336554011693,3767.884179967846,3415.904329454832,1538.3988026541986,595.2977911150913,3944.791071565001,544.0051582109608,2217.362802591583,4197.373284349891,3767.6750888929046,2470.8118524903084,3969.689935082777,3181.7089142644236,3860.4484423849226,949.8503701330171,3714.891230331534,175.67189287233415,3744.1236242383284,3470.6401325074203,1996.9640958032398,3677.8851340078804,2889.6255758996335,2814.741397508922
John F. Kennedy International Airport,1223.850160703693,2238.169513651717,2612.9869442839017,1189.3455664625142,3978.583014562076,0.0,3612.7695411334184,1524.0764899777446,1759.016447355552,872.1352136939639,3890.665765311182,3461.732662311127,34.00330976470272,4156.637276516931,2280.042821347317,300.01609743040666,1725.4555554469648,1652.2345957512534,16.73926923500026,817.371263456173,151.13486706030068,3197.623384935201,343.0814544360566,3933.2448879149892,295.7909582486633,1621.4716737346841,2448.024857884722,366.6792521949174,1231.2535349086615,1175.6025263082274
Harry Reid International Airport,2807.508586636287,1695.9444667834716,1009.527399133575,2433.645833819637,380.88482106228463,3612.7695411334184,0.0,3279.522842458224,3498.6630912484575,3079.129025690444,1396.420461279746,411.34518643484915,3578.8798930287776,666.318422910755,1964.3111298076838,3826.1211246911,3495.8319526711175,2090.3886105093957,3603.4616172859187,2810.798398477521,3497.6649856717113,591.7543193784486,3356.702154213206,417.91188685124973,3384.4478096565726,3190.927298960769,1753.0890634564764,3319.3981531766494,2551.336495481532,2444.203382662154
Orlando International Airport,651.875519662792,1584.7232650074832,2489.339498040548,1622.6514898509868,3566.4336554011693,1524.0764899777446,3279.522842458224,0.0,310.0310137264128,756.6110332334548,4109.480235986626,2972.8634351699616,1513.3784102927407,3934.081278080512,1373.5625677873904,1808.4505887872022,285.7207048667747,2113.095154698186,1533.138659097827,1545.9692848352286,1390.6902746327626,3107.4920290693863,1225.8897724916455,3456.317832694934,1271.1982640732815,129.6053607488079,1598.4434756588448,1224.7019849245542,994.4937014375166,1597.7152042659004
Miami International Airport,960.3894045902362,1805.4497385079385,2752.440432802921,1932.677204623789,3767.884179967846,1759.016447355552,3498.6630912484575,310.0310137264128,0.0,1050.513405173894,4384.959677314866,3172.5880682624133,1752.3870658846733,4159.66724566521,1552.3436930404753,2029.89746640251,33.65120922823797,2420.9700429925447,1769.7500634601743,1849.1752927891794,1635.6375614177264,3362.501265342788,1484.7103351294652,3648.4545717269484,1527.457114662087,330.01848735215856,1775.704751810347,1488.251482725191,1301.175504950525,1907.7438137614006
Charlotte Douglas International Airport,364.66953205139356,1505.0396777135313,2150.330678408709,965.676007502377,3415.904329454832,872.1352136939639,3079.129025690444,756.6110332334548,1050.513405173894,0.0,3664.0166564018305,2850.85826794763,851.5200851826226,3691.006554371468,1467.6450032855082,1172.1177857601745,1020.3425167673258,1497.0831092660878,876.1206617420511,806.4920582164029,722.5322273596437,2776.8158654206295,533.3097256305813,3339.495774870943,581.8274715791594,819.4651783233043,1660.0824622161224,518.7557851673392,527.8574152222843,940.9037466470605
Seattle-Tacoma International Airport,3508.803684413705,2670.925835634459,1646.9988987386816,2764.427312421379,1538.3988026541986,3890.665765311182,1396.420461279746,4109.480235986626,4384.959677314866,3664.0166564018305,0.0,1783.7258000722077,3858.2660252957417,1094.1008192847405,3015.9973629387255,4009.585734685552,4372.480929196684,2247.8529846370293,3876.7739946266797,3096.480867427383,3821.654359015232,1107.5320419381414,3742.162277555755,1694.0698723881671,3752.188314153123,4055.5641910595014,2850.630046713576,3705.106753407117,3179.880233235046,2785.2398241582036
Phoenix Sky Harbor International Airport,2551.6392461065325,1394.7067953383987,968.7640227390814,2315.5323858440966,595.2977911150913,3461.732662311127,411.34518643484915,2972.8634351699616,3172.5880682624133,2850.85826794763,1783.7258000722077,0.0,3428.382342366031,1047.7591118466376,1622.3111634790803,3697.3412201748165,3172.424568878009,2054.5607428781127,3454.0708234531226,2686.8748413109724,3336.1387946163322,818.4417820709721,3180.8580456511445,490.25417472215827,3213.126840053332,2876.0276833783614,1402.5855126091378,3144.6546097027253,2328.7452482433414,2322.087132541607
Newark Liberty International Airport,1200.6606569620972,2207.5134793678967,2579.0036285061824,1155.3560054353645,3944.791071565001,34.00330976470272,3578.8798930287776,1513.3784102927407,1752.3870658846733,851.5200851826226,3858.2660252957417,3428.382342366031,0.0,4122.644090424293,2252.1851298078855,322.5845350296071,1718.880355663559,1619.0970074871482,26.963342187776092,783.5174931015354,129.03309536284476,3163.660901538997,319.82257966444115,3899.662566388226,271.8172862847912,1608.9901711377245,2418.949694530405,341.30231354059805,1201.9800940344624,1141.6010067477303
San Francisco International Airport,3438.901698186316,2354.5967255591568,1554.573402914348,2967.3027499825844,544.0051582109608,4156.637276516931,666.318422910755,3934.081278080512,4159.66724566521,3691.006554371468,1094.1008192847405,1047.7591118466376,4122.644090424293,0.0,2630.1424821274577,4346.068528192576,4156.02373903988,2555.3061605230787,4145.907607476838,3341.520224940905,4052.42170277148,962.7172353762573,3925.5367735861373,719.6769367190553,3949.1001184063252,3848.775331874176,2419.4069146370052,3887.7170683214636,3164.5356429663198,2981.19347630897
George Bush Intercontinental Airport,1108.2951289841712,361.09224130782565,1387.9578214274168,1491.4479225446073,2217.362802591583,2280.042821347317,1964.3111298076838,1373.5625677873904,1552.3436930404753,1467.6450032855082,3015.9973629387255,1622.3111634790803,2252.1851298078855,2630.1424821274577,0.0,2569.650684410828,1553.6404694532166,1668.2339665591694,2278.993637090431,1732.1538787204931,2131.170752620138,1924.2877791909339,1943.0261437041875,2096.1130347350763,1987.5630824819557,1266.8327172388797,225.06546014325792,1915.1326664853627,1057.0771688963948,1479.0577182890888
Logan International Airport,1523.1615617564687,2512.4561578102043,2818.9696050898106,1392.57447497703,4197.373284349891,300.01609743040666,3826.1211246911,1808.4505887872022,2029.89746640251,1172.1177857601745,4009.585734685552,3697.3412201748165,322.5845350296071,4346.068528192576,2569.650684410828,0.0,1996.2464459341822,1805.1762473863919,296.91450965802255,1015.6643781029097,450.5163865761306,3383.571621497579,642.2005105716471,4161.050031168965,594.3487520899758,1910.1958079762803,2732.158492398835,663.7256258768069,1515.6942916870742,1382.646179216306
Fort Lauderdale-Hollywood International Airport,937.421828820098,1801.4607221694805,2742.1279105400363,1907.742706208627,3767.6750888929046,1725.4555554469648,3495.8319526711175,285.7207048667747,33.65120922823797,1020.3425167673258,4372.480929196684,3172.424568878009,1718.880355663559,4156.02373903988,1553.6404694532166,1996.2464459341822,0.0,2398.527163382519,1736.2084270379412,1820.2671988655266,1602.252890571535,3353.8308968624515,1451.7557486159633,3649.488616569412,1494.4001772023225,317.0742897058449,1777.5205679522642,1455.4845752867502,1279.3136975845343,1882.7711805705924
Minneapolis-Saint Paul International Airport,1461.2359061412055,1375.099731840945,1094.9426392994617,536.8407064785558,2470.8118524903084,1652.2345957512534,2090.3886105093957,2113.095154698186,2420.9700429925447,1497.0831092660878,2247.8529846370293,2054.5607428781127,1619.0970074871482,2555.3061605230787,1668.2339665591694,1805.1762473863919,2398.527163382519,0.0,1639.189685190948,848.6685226913451,1575.3509606221314,1594.6608566825214,1495.8622644133618,2467.1214333306793,1504.6459363753072,2107.0335064118403,1681.1174676157107,1459.148305500308,1120.2456498851825,560.5412448847252
LaGuardia Airport,1226.2546071796057,2234.4345153577156,2603.0404431670454,1178.6199410750037,3969.689935082777,16.73926923500026,3603.4616172859187,1533.138659097827,1769.7500634601743,876.1206617420511,3876.7739946266797,3454.0708234531226,26.963342187776092,4145.907607476838,2278.993637090431,296.91450965802255,1736.2084270379412,1639.189685190948,0.0,805.8729722403546,153.73480977232836,3186.5888410881716,345.2865376403826,3925.011186180634,297.49561280983517,1629.7451006156698,2445.889957280252,367.4638196717497,1228.9283200883906,1165.1107951191057
Detroit Metropolitan Airport,959.4391589171391,1588.9888485396516,1804.8488746570035,377.2167922368103,3181.7089142644236,817.371263456173,2810.798398477521,1545.9692848352286,1849.1752927891794,806.4920582164029,3096.480867427383,2686.8748413109724,783.5174931015354,3341.520224940905,1732.1538787204931,1015.6643781029097,1820.2671988655266,848.6685226913451,805.8729722403546,0.0,728.5716618641356,2381.2493864059375,651.8476278484327,3146.6600242339027,657.3145117261764,1586.5189716157524,1850.445102255937,616.2409832240024,735.8978321990484,367.01095339496845
Philadelphia International Airport,1072.8268200866942,2095.737136664705,2503.3542957344025,1089.6646367334138,3860.4484423849226,151.13486706030068,3497.6649856717113,1390.6902746327626,1635.6375614177264,722.5322273596437,3821.654359015232,3336.1387946163322,129.03309536284476,4052.42170277148,2131.170752620138,450.5163865761306,1602.252890571535,1575.3509606221314,153.73480977232836,728.5716618641356,0.0,3096.6647620014987,191.95234503114654,3810.8787669129265,144.77319567898607,1484.1338429530274,2301.2096345962095,216.3112217926949,1085.3467141825074,1073.8828831763026
Salt Lake City International Airport,2556.978760286531,1591.495793064895,628.7348660165383,2008.6722718234705,949.8503701330171,3197.623384935201,591.7543193784486,3107.4920290693863,3362.501265342788,2776.8158654206295,1107.5320419381414,818.4417820709721,3163.660901538997,962.7172353762573,1924.2877791909339,3383.571621497579,3353.8308968624515,1594.6608566825214,3186.5888410881716,2381.2493864059375,3096.6647620014987,0.0,2975.83635284442,1009.6538180805433,2997.4071760060197,3038.1661455170033,1749.127351608861,2937.9076431602725,2257.7980735148217,2023.3666876092936
Ronald Reagan Washington National Airport,880.9749155397081,1917.541659190587,2372.0133349692464,983.942964199952,3714.891230331534,343.0814544360566,3356.702154213206,1225.8897724916455,1484.7103351294652,533.3097256305813,3742.162277555755,3180.8580456511445,319.82257966444115,3925.5367735861373,1943.0261437041875,642.2005105716471,1451.7557486159633,1495.8622644133618,345.2865376403826,651.8476278484327,191.95234503114654,2975.83635284442,0.0,3659.5703952871054,48.51891660536816,1312.9045822894334,2116.1871794117055,37.95173772718935,903.2520959594767,965.3107057184878
San Diego International Airport,3041.880886370791,1882.8806119657384,1373.0907269463846,2771.7353690378186,175.67189287233415,3933.2448879149892,417.91188685124973,3456.317832694934,3648.4545717269484,3339.495774870943,1694.0698723881671,490.25417472215827,3899.662566388226,719.6769367190553,2096.1130347350763,4161.050031168965,3649.488616569412,2467.1214333306793,3925.011186180634,3146.6600242339027,3810.8787669129265,1009.6538180805433,3659.5703952871054,0.0,3690.618109257416,3357.016991015181,1873.2888269547482,3623.0116912816193,2816.135549363751,2780.0148031575904
Baltimore/Washington International Airport,928.8436258445294,1957.705233853848,2396.5522837173044,999.3742507942595,3744.1236242383284,295.7909582486633,3384.4478096565726,1271.1982640732815,1527.457114662087,581.8274715791594,3752.188314153123,3213.126840053332,271.8172862847912,3949.1001184063252,1987.5630824819557,594.3487520899758,1494.4001772023225,1504.6459363753072,297.49561280983517,657.3145117261764,144.77319567898607,2997.4071760060197,48.51891660536816,3690.618109257416,0.0,1359.379072136851,2159.227861100101,72.75870469802607,944.766337119533,981.5541782898438
Tampa International Airport,655.586106303448,1495.016386827467,2425.3436612524065,1633.293279670515,3470.6401325074203,1621.4716737346841,3190.927298960769,129.6053607488079,330.01848735215856,819.4651783233043,4055.5641910595014,2876.0276833783614,1608.9901711377245,3848.775331874176,1266.8327172388797,1910.1958079762803,317.0742897058449,2107.0335064118403,1629.7451006156698,1586.5189716157524,1484.1338429530274,3038.1661455170033,1312.9045822894334,3357.016991015181,1359.379072136851,0.0,1491.8831859290856,1308.789535850647,987.519468432551,1608.7050358231204
Austin-Bergstrom International Airport,1307.005692036172,306.1037184460845,1249.9090501305068,1576.0285117526616,1996.9640958032398,2448.024857884722,1753.0890634564764,1598.4434756588448,1775.704751810347,1660.0824622161224,2850.630046713576,1402.5855126091378,2418.949694530405,2419.4069146370052,225.06546014325792,2732.158492398835,1777.5205679522642,1681.1174676157107,2445.889957280252,1850.445102255937,2301.2096345962095,1749.127351608861,2116.1871794117055,1873.2888269547482,2159.227861100101,1491.8831859290856,0.0,2086.4870379259205,1217.0394974079109,1566.7561575044515
Washington Dulles International Airport,860.510947550226,1885.2676367933439,2334.2640425825944,946.2691538676612,3677.8851340078804,366.6792521949174,3319.3981531766494,1224.7019849245542,1488.251482725191,518.7557851673392,3705.106753407117,3144.6546097027253,341.30231354059805,3887.7170683214636,1915.1326664853627,663.7256258768069,1455.4845752867502,1459.148305500308,367.4638196717497,616.2409832240024,216.3112217926949,2937.9076431602725,37.95173772718935,3623.0116912816193,72.75870469802607,1308.789535850647,2086.4870379259205,0.0,872.0534282806374,927.5616235479055
Nashville International Airport,344.79069002757285,1015.9772524116147,1629.6073613823132,660.4659651096714,2889.6255758996335,1231.2535349086615,2551.336495481532,994.4937014375166,1301.175504950525,527.8574152222843,3179.880233235046,2328.7452482433414,1201.9800940344624,3164.5356429663198,1057.0771688963948,1515.6942916870742,1279.3136975845343,1120.2456498851825,1228.9283200883906,735.8978321990484,1085.3467141825074,2257.7980735148217,903.2520959594767,2816.135549363751,944.766337119533,987.519468432551,1217.0394974079109,872.0534282806374,0.0,637.1283053527393
Midway International Airport,953.1243200625021,1285.357556332431,1439.4177529805538,25.154012217421386,2814.741397508922,1175.6025263082274,2444.203382662154,1597.7152042659004,1907.7438137614006,940.9037466470605,2785.2398241582036,2322.087132541607,1141.6010067477303,2981.19347630897,1479.0577182890888,1382.646179216306,1882.7711805705924,560.5412448847252,1165.1107951191057,367.01095339496845,1073.8828831763026,2023.3666876092936,965.3107057184878,2780.0148031575904,981.5541782898438,1608.7050358231204,1566.7561575044515,927.5616235479055,637.1283053527393,0.0
